9.647191180929369
24.451597782563404
49.1256087852868
83.66922418909955
128.08244399400166
182.36526819999315
246.51769680707397
320.53972981524413
404.4313672245037
498.1926090348526
601.8234552462908
715.3239058588185
838.6939608724356
971.9336202871418
1115.0428841029373
1268.0217523198226
1430.870224937797
1603.5883019568607
1786.1759833770136
1978.6332691982564
2180.9601594205883
2393.156654044009
2615.2227530685195
2847.15845649412
3088.9637643208093
3340.638676548588
3602.1831931774555
3873.597314207413
4154.88103963846
4446.034369470594
4747.05730370382
5057.949842338136
5378.71198537354
5709.3437328100335
6049.845084647615
6400.216040886288
6760.45660152605
7130.5667665669
7510.54653600884
7900.395909851871
8300.114888095988
8709.703470741199
9129.161657787496
9558.489449234881
9997.686845083359
10446.753845332923
10905.690449983582
11374.496659035325
11853.172472488157
12341.717890342083
12840.132912597093
13348.417539253198
13866.571770310387
14394.595605768667
14932.48904562804
15480.252089888498
16037.884738550045
16605.386991612686
17182.75884907641
17770.000310941225
18367.111377207137
18974.09204787413
19590.942322942217
20217.66220241139
20854.251686281652
21500.71077455301
22157.039467225448
22823.23776429898
23499.3056657736
24185.24317164931
24881.050281926113
25586.726996604
26302.273315682974
27027.689239163046
27762.9747670442
28508.129899326446
29263.154636009785
30028.048977094208
30802.812922579727
31587.44647246633
32381.94962675402
33186.3223854428
34000.564748532684
34824.67671602364
35658.65828791569
36502.50946420883
37356.230244903054
38219.82062999837
39093.28061949479
39976.61021339228
40869.80941169087
41772.87821439054
42685.81662149131
43608.624632993175
44541.302248896114
45483.84946920015
46436.26629390527
47398.552723011475
48370.70875651879
49352.73439442718
50344.62963673665
51346.39448344722
52358.028934558875
53379.53299007164
54410.906649985474
55452.1499143004
56503.26278301641
57564.245256133516
58635.097333651705
59715.819015571
60806.410301891374
61906.87119261284
63017.20168773539
64137.40178725903
65267.47149118377
66407.4107995096
67557.2197122365
68716.8982293645
69886.44635089359
71065.86407682375
72255.15140715505
73454.3083418874
74663.33488102084
75882.23102455537
77110.996772491
78349.63212482772
79598.13708156552
80856.51164270441
82124.75580824439
83402.86957818546
84690.85295252764
85988.70593127089
87296.42851441522
88614.02070196065
89941.48249390716
91278.81389025478
92626.01489100348
93983.08549615326
95350.02570570413
96726.83551965609
98113.51493800915
99510.0639607633
100916.48258791854
102332.77081947486
103758.92865543226
105194.95609579075
106640.85314055037
108096.61978971104
109562.2560432728
111037.76190123566
112523.13736359961
114018.38243036464
115523.49710153078
117038.481377098
118563.3352570663
120098.05874143569
121642.65183020617
123197.11452337776
124761.44682095043
126335.64872292418
127919.72022929901
129513.66134007493
131117.47205525194
132731.15237483004
134354.70229880922
135988.12182718958
137631.41095997093
139284.5696971534
140947.59803873696
142620.4959847216
144303.26353510734
145995.90068989416
147698.40744908206
149410.78381267106
151133.02978066113
152865.14535305233
154607.13052984464
156358.985311038
158120.70969663246
159892.30368662797
161673.7672810246
163465.10047982231
165266.30328302112
167077.375690621
168898.31770262198
170729.12931902407
172569.81053982727
174420.36136503154
176280.78179463686
178151.0718286433
180031.23146705082
181921.26070985943
183821.15955706913
185730.9280086799
187650.56606469178
189580.07372510474
191519.45098991878
193468.697859134
195427.81433275022
197396.80041076755
199375.65609318597
201364.38138000545
203362.97627122604
205371.44076684772
207389.7748668705
209417.97857129434
211456.05188011928
213503.9947933454
215561.80731097254
217629.48943300074
219707.04115943005
221794.46249026043
223891.75342549192
225998.9139651245
228115.94410915815
230242.8438575929
232379.61321042874
234526.25216766566
236682.76072930376
238849.13889534285
241025.38666578307
243211.50404062434
245407.49101986672
247613.3476035102
249829.07379155475
252054.6695840004
254290.13498084713
256535.46998209495
258790.67458774385
261055.74879779393
263330.69261224504
265615.5060310972
267910.1890543505
270214.7416820048
272529.1639140603
274853.4557505168
277187.6171913744
279531.64823663316
281885.54888629296
284249.3191403538
286622.9589988159
289006.468461679
291399.84752894315
293803.0962006084
296216.21447667474
298639.2023571422
301072.05984201067
303514.7869312803
305967.383624951
308429.8499230228
310902.18582549575
313384.3913323697
315876.4664436448
318378.4111593209
320890.22547939816
323411.90940387646
325943.4629327559
328484.88606603636
331036.17880371795
333597.34114580066
336168.3730922844
338749.27464316937
341340.0457984553
343940.68655814236
346551.1969222305
349171.5768907197
351801.82646361
354441.9456409014
357091.93442259385
359751.79280868743
362421.5207991821
365101.11839407793
367790.5855933748
370489.9223970727
373199.12880517176
375918.20481767185
378647.15043457306
381385.96565587533
384134.6504815787
386893.20491168316
389661.6289461887
392439.9225850954
395228.08582840324
398026.11867611203
400834.02112822194
403651.79318473296
406479.43484564504
409316.94611095823
412164.3269806725
415021.57745478785
417888.6975333043
420765.6872162218
423652.5465035405
426549.2753952603
429455.8738913811
432372.34199190297
435298.679696826
438234.88700615003
441180.9639198752
444136.91043800145
447102.7265605288
450078.41228745726
453063.9676187868
456059.39255451737
459064.6870946492
462079.85123918194
465104.88498811587
468139.7883414508
471184.56129918684
474239.203861324
477303.7160278623
480378.09779880155
483462.349174142
486556.4701538835
489660.4607380262
492774.32092656987
495898.05071951466
499031.6501168605
502175.1191186075
505328.4577247555
508491.66593530466
511664.74375025486
514847.6911696062
518040.50819335855
521243.19482151204
524455.7510540667
527678.1768910225
530910.4723323791
534152.6373781371
537404.6720282958
540666.576282856
543938.3501418172
547219.9936051794
550511.5066729427
553812.889345107
557124.1416216725
560445.263502639
563776.2549880068
567117.1160777754
570467.8467719454
573828.4470705162
577198.9169734883
580579.2564808615
583969.4655926356
587369.544308811
590779.4926293872
594199.3105543647
597628.9980837432
601068.5552175229
604517.9819557035
607977.2782982854
611446.4442452682
614925.4797966523
618414.3849524375
621913.1597126236
625421.804077211
628940.3180461992
632468.7016195888
636006.9547973791
639555.0775795708
643113.0699661635
646680.9319571573
650258.6635525523
653846.2647523482
657443.7355565454
661051.0759651434
664668.2859781428
668295.365595543
671932.3148173445
675579.1336435468
679235.8220741507
682902.3801091552
686578.807748561
690265.104992368
693961.2718405758
697667.3082931851
701383.214350195
705108.9900116064
708844.6352774185
712590.1501476321
716345.5346222465
720110.7887012622
723885.9123846787
727670.9056724967
731465.7685647156
735270.5010613354
739085.1031623565
742909.5748677786
746743.9161776019
750588.127091826
754442.2076104515
758306.1577334779
762179.9774609056
766063.6667927341
769957.225728964
773860.6542695949
777773.9524146267
781697.1201640598
785630.1575178938
789573.0644761291
793525.8410387653
797488.4872058028
801461.0029772411
805443.3883530807
809435.6433333212
813437.7679179631
817449.762107006
821471.6259004498
825503.359298295
829544.9623005409
833596.4349071882
837657.7771182363
841728.9889336858
845810.070353536
849901.0213777878
854001.8420064405
858112.5322394941
862233.0920769491
866363.5215188047
870503.8205650619
874653.9892157197
878814.0274707791
882983.9353302392
887163.7127941006
891353.359862363
895552.8765350266
899762.2628120914
903981.5186935569
908210.6441794238
912449.6392696915
916698.5039643606
920957.2382634305
925225.8421669018
929504.3156747739
933792.6587870474
938090.8715037216
942398.9538247972
946716.905750274
951044.7272801514
955382.4184144303
959729.9791531101
964087.4094961912
968454.709443673
972831.8789955563
977218.9181518403
981615.8269125258
986022.605277612
990439.2532470997
994865.7708209883
999302.1579992779
1003748.4147819688
1008204.5411690605
1012670.5371605535
1017146.4027564474
1021632.1379567427
1026127.7427614387
1030633.217170536
1035148.5611840343
1039673.7748019339
1044208.8580242347
1048753.8108509362
1053308.633282039
1057873.3253175425
1062447.8869574477
1067032.3182017535
1071626.6190504609
1076230.7895035688
1080844.8295610782
1085468.7392229885
1090102.5184893
1094746.1673600127
1099399.685835126
1104063.073914641
1108736.3315985566
1113419.4588868737
1118112.4557795916
1122815.3222767108
1127528.0583782308
1132250.664084152
1136983.1393944742
1141725.4843091979
1146477.6988283226
1151239.7829518479
1156011.736679775
1160793.5600121024
1165585.2529488315
1170386.8154899613
1175198.2476354926
1180019.5493854245
1184850.7207397579
1189691.7616984923
1194542.6722616276
1199403.4524291642
1204274.1022011016
1209154.6215774405
1214045.01055818
1218945.269143321
1223855.397332863
1228775.395126806
1233705.26252515
1238644.9995278954
1243594.606135042
1248554.082346589
1253523.4281625377
1258502.643582887
1263491.728607638
1268490.6832367894
1273499.5074703426
1278518.2013082963
1283546.7647506515
1288585.1977974074
1293633.5004485648
1298691.6727041232
1303759.7145640824
1308837.626028443
1313925.4070972044
1319023.0577703672
1324130.5780479307
1329247.9679298957
1334375.2274162616
1339512.3565070287
1344659.3552021966
1349816.2235017659
1354982.9614057364
1360159.5689141075
1365346.0460268802
1370542.3927440534
1375748.6090656284
1380964.6949916037
1386190.6505219808
1391426.4756567585
1396672.1703959377
1401927.7347395176
1407193.168687499
1412468.4722398813
1417753.6453966645
1423048.688157849
1428353.6005234343
1433668.3824934212
1438993.0340678087
1444327.5552465976
1449671.9460297874
1455026.2064173785
1460390.3364093706
1465764.3360057636
1471148.205206558
1476541.9440117532
1481945.5524213498
1487359.0304353472
1492782.378053746
1498215.5952765453
1503658.6821037463
1509111.638535348
1514574.4645713512
1520047.1602117554
1525529.7254565603
1531022.1603057666
1536524.4647593738
1542036.6388173823
1547558.6824797916
1553090.5957466024
1558632.3786178138
1564184.0310934267
1569745.5531734405
1575316.9448578556
1580898.206146672
1586489.3370398886
1592090.337537507
1597701.207639526
1603321.9473459467
1608952.556656768
1614593.0355719908
1620243.3840916143
1625903.602215639
1631573.6899440647
1637253.6472768919
1642943.47421412
1648643.1707557489
1654352.7369017792
1660072.1726522103
1665801.478007043
1671540.652966276
1677289.6975299108
1683048.6116979462
1688817.395470383
1694596.0488472208
1700384.5718284599
1706182.9644141002
1711991.226604141
1717809.3583985833
1723637.3597974263
1729475.2308006708
1735322.9714083162
1741180.5816203628
1747048.0614368103
1752925.410857659
1758812.6298829087
1764709.7185125598
1770616.676746612
1776533.5045850647
1782460.2020279192
1788396.7690751741
1794343.2057268308
1800299.511982888
1806265.6878433465
1812241.733308206
1818227.648377467
1824223.4330511284
1830229.0873291914
1836244.6112116557
1842270.0046985205
1848305.2677897867
1854350.400485454
1860405.4027855224
1866470.2746899915
1872545.016198862
1878629.6273121336
1884724.1080298063
1890828.4583518803
1896942.678278355
1903066.767809231
1909200.726944508
1915344.5556841863
1921498.2540282651
1927661.8219767457
1933835.259529627
1940018.5666869096
1946211.743448593
1952414.7898146778
1958627.7057851637
1964850.4913600504
1971083.1465393384
1977325.6713230272
1983578.0657111176
1989840.3297036085
1996112.463300501
2002394.466501794
2008686.3393074889
2014988.081717584
2021299.693732081
2027621.175350979
2033952.5265742776
2040293.7474019777
2046644.8378340784
2053005.7978705806
2059376.6275114836
2065757.326756788
2072147.895606493
2078548.3340605998
2084958.642119107
2091378.8197820159
2097808.8670493253
2104248.7839210364
2110698.5703971484
2117158.226477661
2123627.752162575
2130107.1474518906
2136596.412345607
2143095.546843724
2149604.5509462417
2156123.4246531622
2162652.1679644827
2169190.780880204
2175739.2634003274
2182297.615524851
2188865.837253776
2195443.9285871014
2202031.889524829
2208629.720066957
2215237.4202134865
2221854.9899644167
2228482.4293197487
2235119.738279481
2241766.9168436145
2248423.96501215
2255090.8827850856
2261767.670162422
2268454.32714416
2275150.8537303
2281857.24992084
2288573.5157157807
2295299.651115123
2302035.656118867
2308781.5307270116
2315537.274939557
2322302.8887565043
2329078.372177852
2335863.7252036007
2342658.9478337504
2349464.0400683023
2356279.001907254
2363103.833350607
2369938.534398361
2376783.1050505172
2383637.5453070737
2390501.855168031
2397376.0346333906
2404260.08370315
2411154.002377311
2418057.7906558723
2424971.448538836
2431894.9760262
2438828.373117965
2445771.6398141314
2452724.7761146994
2459687.782019668
2466660.657529037
2473643.4026428084
2480636.01736098
2487638.5016835527
2494650.8556105266
2501673.0791419023
2508705.1722776783
2515747.135017855
2522798.967362434
2529860.6693114135
2536932.240864794
2544013.682022575
2551104.9927847586
2558206.1731513417
2565317.2231223267
2572438.1426977124
2579568.9318775
2586709.590661688
2593860.119050277
2601020.517043268
2608190.784640659
2615370.921842451
2622560.9286486446
2629760.80505924
2636970.5510742357
2644190.166693632
2651419.6519174296
2658659.0067456295
2665908.231178229
2673167.32521523
2680436.2888566335
2687715.1221024366
2695003.8249526406
2702302.397407246
2709610.8394662533
2716929.151129661
2724257.3323974693
2731595.3832696793
2738943.303746291
2746301.0938273026
2753668.7535127155
2761046.2828025306
2768433.681696746
2775830.950195362
2783238.0882983794
2790655.096005799
2798081.973317618
2805518.7202338385
2812965.3367544604
2820421.822879484
2827888.178608908
2835364.4039427326
2842850.49888096
2850346.463423587
2857852.297570615
2865368.0013220445
2872893.5746778757
2880429.0176381073
2887974.3302027397
2895529.5123717734
2903094.5641452093
2910669.485523045
2918254.2765052817
2925848.937091921
2933453.4672829597
2941067.8670784
2948692.136478241
2956326.2754824846
2963970.284091128
2971624.1623041728
2979287.9101216183
2986961.527543466
2994645.0145697137
3002338.3712003627
3010041.5974354134
3017754.6932748645
3025477.658718717
3033210.49376697
3040953.1984196254
3048705.7726766807
3056468.2165381373
3064240.5300039947
3072022.7130742543
3079814.7657489143
3087616.688027975
3095428.479911438
3103250.141399301
3111081.6724915653
3118923.0731882304
3126774.3434892977
3134635.4833947653
3142506.4929046337
3150387.372018903
3158278.120737575
3166178.739060647
3174089.2269881195
3182009.5845199944
3189939.8116562697
3197879.908396946
3205829.8747420227
3213789.7106915023
3221759.4162453813
3229738.991403662
3237728.4361663433
3245727.750533427
3253736.934504911
3261755.988080796
3269784.9112610826
3277823.7040457698
3285872.3664348577
3293930.898428347
3301999.3000262384
3310077.57122853
3318165.712035222
3326263.7224463155
3334371.602461811
3342489.352081707
3350616.9713060036
3358754.4601347027
3366901.8185678017
3375059.0466053016
3383226.1442472027
3391403.1114935065
3399589.9483442097
3407786.6547993138
3415993.2308588205
3424209.676522727
3432435.991791035
3440672.176663744
3448918.231140855
3457174.1552223656
3465439.9489082773
3473715.6121985908
3482001.145093306
3490296.5475924215
3498601.8196959374
3506916.9614038565
3515241.972716175
3523576.8536328943
3531921.6041540154
3540276.2242795383
3548640.714009461
3557015.073343785
3565399.3022825103
3573793.4008256374
3582197.368973165
3590611.206725093
3599034.914081424
3607468.4910421544
3615911.937607286
3624365.2537768185
3632828.4395507537
3641301.4949290887
3649784.4199118246
3658277.214498962
3666779.8786905007
3675292.41248644
3683814.8158867806
3692347.088891523
3700889.2315006657
3709441.243714209
3718003.125532154
3726574.876954501
3735156.497981248
3743747.9886123957
3752349.3488479448
3760960.578687896
3769581.678132247
3778212.6471809996
3786853.4858341543
3795504.194091709
3804164.7719536643
3812835.219420021
3821515.53649078
3830205.723165939
3838905.7794454987
3847615.7053294596
3856335.500817823
3865065.1659105862
3873804.7006077506
3882554.104909317
3891313.3788152835
3900082.5223256513
3908861.53544042
3917650.418159591
3926449.1704831617
3935257.7924111336
3944076.2839435064
3952904.645080282
3961742.8758214572
3970590.9761670334
3979448.946117012
3988316.7856713906
3997194.49483017
4006082.0735933506
4014979.5219609337
4023886.839932916
4032804.0275093005
4041731.084690085
4050668.0114752725
4059614.8078648597
4068571.473858848
4077538.0094572385
4086514.414660029
4095500.6894672206
4104496.8338788133
4113502.8478948083
4122518.7315152027
4131544.484739999
4140580.107569196
4149625.600002795
4158680.962040794
4167746.1936831945
4176821.294929997
4185906.2657811996
4195001.106236803
4204105.8162968075
4213220.395961215
4222344.8452300215
4231479.164103229
4240623.352580838
4249777.410662849
4258941.33834926
4268115.135640073
4277298.802535287
4286492.339034902
4295695.745138917
4304909.020847334
4314132.166160152
4323365.181077371
4332608.065598991
4341860.819725012
4351123.443455435
4360395.936790259
4369678.299729482
4378970.532273109
4388272.634421135
4397584.606173563
4406906.447530392
4416238.158491623
4425579.739057253
4434931.189227285
4444292.509001718
4453663.698380553
4463044.757363788
4472435.685951425
4481836.484143463
4491247.1519399015
4500667.68934074
4510098.096345982
4519538.372955624
4528988.519169667
4538448.534988111
4547918.420410955
4557398.175438203
4566887.80006985
4576387.294305898
4585896.658146349
4595415.891591199
4604944.99464045
4614483.967294103
4624032.809552158
4633591.521414612
4643160.102881468
4652738.553952727
4662326.874628385
4671925.064908443
4681533.124792904
4691151.0542817665
4700778.853375029
4710416.5220726915
4720064.060374756
4729721.468281223
4739388.74579209
4749065.892907358
4758752.909627028
4768449.795951098
4778156.551879569
4787873.177412441
4797599.672549715
4807336.03729139
4817082.271637465
4826838.375587941
4836604.349142821
4846380.192302099
4856165.905065779
4865961.487433861
4875766.939406343
4885582.260983226
4895407.45216451
4905242.512950197
4915087.443340283
4924942.24333477
4934806.912933659
4944681.45213695
4954565.86094464
4964460.139356731
4974364.287373226
4984278.30499412
4994202.192219415
5004135.9490491105
5014079.575483209
5024033.071521708
5033996.4371646065
5043969.672411907
5053952.777263611
5063945.751719713
5073948.595780216
5083961.309445122
5093983.892714429
5104016.3455881355
5114058.668066244
5124110.860148754
5134172.921835665
5144244.853126976
5154326.654022688
5164418.324522803
5174519.8646273175
5184631.274336233
5194752.553649551
5204883.702567269
5215024.721089388
5225175.609215908
5235336.36694683
5245506.9942821525
5255687.491221876
5265877.857766001
5276078.093914527
5286288.199667454
5296508.175024781
5306738.019986512
5316977.734552641
5327227.318723172
5337486.772498105
5347756.095877439
5358035.288861173
5368324.351449308
5378623.283641845
5388932.085438783
5399250.756840122
5409579.297845862
5419917.708456004
5430265.988670546
5440624.1384894885
5450992.157912833
5461370.046940579
5471757.805572725
5482155.433809272
5492562.93165022
5502980.299095572
5513407.536145322
5523844.642799473
5534291.619058028
5544748.464920982
5555215.180388336
5565691.765460093
5576178.220136251
5586674.544416809
5597180.738301768
5607696.801791129
5618222.734884892
5628758.537583054
5639304.209885618
5649859.751792584
5660425.16330395
5671000.4444197165
5681585.595139884
5692180.6154644545
5702785.505393425
5713400.264926796
5724024.894064568
5734659.392806743
5745303.761153318
5755957.999104293
5766622.106659671
5777296.083819449
5787979.930583628
5798673.646952208
5809377.232925191
5820090.6885025725
5830814.013684356
5841547.208470541
5852290.272861127
5863043.206856113
5873806.0104555
5884578.683659291
5895361.226467481
5906153.638880071
5916955.920897063
5927768.072518458
5938590.093744252
5949421.984574447
5960263.745009045
5971115.375048042
5981976.874691441
5992848.2439392395
6003729.482791442
6014620.591248044
6025521.5693090465
6036432.41697445
6047353.134244257
6058283.721118463
6069224.17759707
6080174.50368008
6091134.699367489
6102104.7646592995
6113084.699555511
6124074.504056125
6135074.178161139
6146083.721870554
6157103.135184369
6168132.418102588
6179171.5706252055
6190220.592752225
6201279.484483647
6212348.245819468
6223426.87675969
6234515.377304314
6245613.74745334
6256721.987206765
6267840.096564593
6278968.0755268205
6290105.92409345
6301253.642264481
6312411.230039912
6323578.687419746
6334756.014403979
6345943.210992613
6357140.277185649
6368347.212983087
6379564.018384924
6390790.693391163
6402027.238001803
6413273.652216845
6424529.936036288
6435796.089460131
6447072.112488376
6458358.0051210215
6469653.767358067
6480959.399199516
6492274.900645365
6503600.271695615
6514935.512350266
6526280.622609317
6537635.602472772
6549000.451940626
6560375.171012881
6571759.759689539
6583154.217970596
6594558.545856054
6605972.7433459135
6617396.810440175
6628830.747138837
6640274.5534419
6651728.229349364
6663191.7748612305
6674665.189977496
6686148.474698163
6697641.6290232325
6709144.652952702
6720657.546486572
6732180.309624843
6743712.942367517
6755255.444714591
6766807.816666066
6778370.058221942
6789942.16938222
6801524.150146898
6813116.000515977
6824717.720489459
6836329.31006734
6847950.769249623
6859582.098036306
6871223.2964273915
6882874.364422877
6894535.3020227635
6906206.109227052
6917886.786035742
6929577.332448832
6941277.748466323
6952988.034088217
6964708.18931451
6976438.214145204
6988178.1085803
6999927.8726197975
7011687.506263695
7023457.009511993
7035236.382364693
7047025.624821796
7058824.736883298
7070633.7185492
7082452.569819506
7094281.290694212
7106119.881173317
7117968.341256825
7129826.670944735
7141694.870237045
7153572.939133755
7165460.877634867
7177358.6857403815
7189266.363450295
7201183.91076461
7213111.327683328
7225048.6142064445
7236995.770333963
7248952.796065883
7260919.691402204
7272896.456342926
7284883.0908880485
7296879.595037572
7308885.968791499
7320902.212149824
7332928.325112551
7344964.307679681
7357010.15985121
7369065.881627141
7381131.473007471
7393206.933992205
7405292.264581339
7417387.464774874
7429492.534572811
7441607.473975148
7453732.282981886
7465866.961593024
7478011.509808566
7490165.927628507
7502330.21505285
7514504.372081593
7526688.398714739
7538882.294952284
7551086.060794231
7563299.69624058
7575523.201291328
7587756.575946478
7599999.820206029
7612252.934069983
7624515.9175383365
7636788.770611091
7649071.493288245
7661364.085569804
7673666.547455761
7685978.878946119
7698301.0800408805
7710633.150740041
7722975.091043603
7735326.900951566
7747688.580463932
7760060.129580697
7772441.548301863
7784832.83662743
7797233.9945574
7809645.02209177
7822065.91923054
7834496.685973713
7846937.3223212855
7859387.82827326
7871848.203829635
7884318.448990412
7896798.56375559
7909288.548125167
7921788.4020991465
7934298.125677529
7946817.71886031
7959347.181647493
7971886.514039078
7984435.716035062
7996994.787635448
8009563.728840235
8022142.539649424
8034731.220063014
8047329.770081003
8059938.189703395
8072556.478930189
8085184.637761382
8097822.666196977
8110470.564236974
8123128.33188137
8135795.969130169
8148473.475983367
8161160.852440969
8173858.098502969
8186565.214169372
8199282.199440175
8212009.054315381
8224745.778794986
8237492.372878993
8250248.836567402
8263015.16986021
8275791.37275742
8288577.445259031
8301373.387365045
8314179.199075458
8326994.880390272
8339820.431309487
8352655.851833105
8365501.141961122
8378356.30169354
8391221.331030361
8404096.229971584
8416980.998517206
8429875.636667227
8442780.144421654
8455694.521780476
8468618.768743705
8481552.885311333
8494496.87148336
8507450.72725979
8520414.452640623
8533388.047625853
8546371.512215488
8559364.846409522
8572368.050207956
8585381.123610793
8598404.066618027
8611436.879229669
8624479.56144571
8637532.113266148
8650594.534690991
8663666.825720234
8676748.986353876
8689841.016591921
8702942.91643437
8716054.685881214
8729176.324932463
8742307.833588112
8755449.211848164
8768600.459712615
8781761.577181466
8794932.564254722
8808113.420932377
8821304.147214431
8834504.743100889
8847715.20859175
8860935.543687006
8874165.748386668
8887405.822690727
8900655.76659919
8913915.580112055
8927185.263229318
8940464.815950984
8953754.238277053
8967053.530207518
8980362.691742389
8993681.72288166
9007010.623625329
9020349.393973403
9033698.033925874
9047056.543482749
9060424.922644027
9073803.1714097
9087191.289779779
9100589.27775426
9113997.135333138
9127414.86251642
9140842.459304104
9154279.925696183
9167727.26169267
9181184.467293553
9194651.54249884
9208128.487308528
9221615.301722616
9235111.985741107
9248618.539363999
9262134.962591289
9275661.255422981
9289197.417859077
9302743.449899571
9316299.351544468
9329865.122793762
9343440.763647463
9357026.274105564
9370621.654168062
9384226.903834965
9397842.02310627
9411467.01198197
9425101.870462077
9438746.598546585
9452401.19623549
9466065.663528798
9479740.000426505
9493424.206928616
9507118.28303513
9520822.22874604
9534536.044061355
9548259.728981072
9561993.283505185
9575736.707633702
9589490.001366623
9603253.16470394
9617026.19764566
9630809.10019178
9644601.872342303
9658404.514097229
9672217.02545655
9686039.406420277
9699871.656988405
9713713.777160931
9727565.766937861
9741427.626319192
9755299.355304921
9769180.953895055
9783072.422089586
9796973.75988852
9810884.967291858
9824806.044299591
9838736.990911731
9852677.807128271
9866628.492949208
9880589.04837455
9894559.473404294
9908539.768038435
9922529.932276981
9936529.966119928
9950539.869567271
9964559.64261902
9978589.285275167
9992628.797535717
10006678.17940067
