14.804406601634035
24.674011002723397
34.54361540381275
44.41321980490211
54.28282420599149
64.15242860708082
74.02203300817015
83.89163740925954
93.7612418103489
103.63084621143821
113.50045061252774
123.37005501361705
133.23965941470624
143.10926381579543
152.9788682168853
162.8484726179745
172.71807701906368
182.58768142015288
192.45728582124275
202.32689022233194
212.19649462342068
222.06609902451055
231.93570342560042
241.8053078266894
251.6749122277788
261.5445166288673
271.41412102995764
281.2837254310466
291.15332983213466
301.0229342332259
310.8925386343153
320.76214303540473
330.63174743649324
340.50135183758175
350.370956238673
360.2405606397615
370.11016504085
379.97976944194033
389.84937384303066
399.71897824411735
409.5885826452104
419.4581870462971
429.3277914473856
439.19739584847775
449.06700024956444
458.9366046506584
468.8062090517433
478.6758134528318
488.54541785392576
498.4150222550106
508.2846266561046
518.1542310571895
528.0238354582798
537.8934398593719
547.7630442604586
557.6326486615471
567.5022530626411
577.3718574637242
587.2414618648145
597.1110662659121
606.9806706669915
616.8502750680891
626.7198794691722
636.5894838702625
646.4590882713564
656.3286926724395
666.1982970735335
676.0679014746202
685.9375058757068
695.8071102768045
705.6767146778875
715.5463190789742
725.4159234800718
735.2855278811548
745.1551322822452
755.0247366833391
764.8943410844222
774.7639454855198
784.6335498866029
794.5031542876895
804.3727586887799
814.2423630898847
824.1119674909569
833.9815718920509
843.8511762931375
853.7207806942242
863.5903850953182
873.4599894964194
883.3295938974916
893.1991982985855
903.0688026996722
912.9384071007662
922.8080115018674
932.6776159029396
942.5472203040335
952.4168247051202
962.2864291062069
972.1560335073154
982.0256379083876
991.8952423094743
1001.7648467105682
1011.6344511116549
1021.5040555127634
1031.3736599138356
1041.2432643149223
1051.1128687160162
1060.982473117103
1070.8520775181896
1080.7216819192981
1090.5912863203703
1100.4608907214642
1110.330495122551
1120.2000995236376
1130.0697039247461
1139.9393083258256
1149.808912726905
1159.6785171279917
1169.548121529093
1179.417725930165
1189.2873303312954
1199.156934732353
1209.0265391334397
1218.8961435345263
1228.7657479356276
1238.6353523367288
1248.504956737801
1258.3745611388877
1268.2441655399743
1278.1137699410756
1287.9833743421768
1297.852978743249
1307.7225831443357
1317.5921875454223
1327.461791946509
1337.3313963476248
1347.201000748697
1357.0706051497837
1366.9402095508703
1376.809813951957
1386.6794183530583
1396.5490227541595
1406.4186271552317
1416.2882315563184
1426.157835957405
1436.0274403584917
1445.897044759622
1455.766649160665
1465.6362535617664
1475.505857962853
1485.3754623639543
1495.2450667650264
1505.1146711661422
1514.9842755672144
1524.853879968301
1534.7234843693877
1544.593088770489
1554.4626931715902
1564.3322975726624
1574.201901973749
1584.0715063748357
1593.9411107759224
1603.8107151770091
1613.6803195780958
1623.5499239791825
1633.4195283803565
1643.2891327813559
1653.1587371824717
1663.0283415835584
1672.897945984645
1682.7675503857317
1692.6371547868184
1702.5067591879051
1712.3763635889918
1722.2459679900785
1732.1155723911943
1741.98517679231
1751.8547811933677
1761.7243855944544
1771.593989995512
1781.4635943966277
1791.3331987977144
1801.2028031988011
1811.0724075998878
1820.9420120009745
1830.8116164020903
1840.681220803206
1850.5508252042637
1860.4204296053213
1870.290034006437
1880.1596384075237
1890.0292428086104
1899.8988472096971
1909.7684516107838
1919.6380560118705
1929.5076604129572
1939.3772648140439
1949.2468692152179
1959.1164736162173
1968.986078017333
1978.8556824184197
1988.7252868194773
1998.5948912205931
2008.4644956216798
2018.3341000227665
2028.2037044238532
2038.0733088249399
2047.942913226114
2057.8125176271424
2067.6821220282
2077.5517264293157
2087.4213308303733
2097.290935231489
2107.160539632576
2117.0301440336625
2126.899748434749
2136.769352835836
2146.6389572369226
2156.5085616380966
2166.378166039096
2176.2477704402118
2186.1173748412693
2195.986979242385
2205.856583643472
2215.7261880445585
2225.595792445645
2235.465396846732
2245.3350012478186
2255.2046056489053
2265.0742100500793
2274.9438144511078
2284.8134188521653
2294.683023253281
2304.5526276543387
2314.4222320554545
2324.291836456512
2334.161440857628
2344.0310452587437
2353.9006496598013
2363.770254060859
2373.639858462091
2383.5094628630904
2393.379067264148
2403.248671665264
2413.1182760663214
2422.987880467437
2432.857484868495
2442.7270892696106
2452.5966936707264
2462.466298071784
2472.335902472958
2482.2055068739573
2492.075111275073
2501.9447156761307
2511.8143200772465
2521.683924478304
2531.55352887942
2541.4231332804775
2551.2927376815933
2561.162342082709
2571.0319464837667
2580.9015508849407
2590.77115528594
2600.640759687056
2610.5103640881134
2620.379968489229
2630.249572890287
2640.1191772914026
2649.98878169246
2659.858386093576
2669.7279904946918
2679.5975948958076
2689.467199296865
2699.3368036979227
2709.2064080990385
2719.076012500096
2728.945616901212
2738.8152213022695
2748.6848257033853
2758.554430104443
2768.4240345055587
2778.2936389066745
2788.1632433078485
2798.0328477087896
2807.9024521099054
2817.772056511021
2827.641660912079
2837.5112653131946
2847.380869714252
2857.250474115368
2867.1200785164256
2876.9896829175414
2886.859287318657
2896.728891719831
2906.5984961207723
2916.468100521888
2926.337704923004
2936.2073093240615
2946.0769137251773
2955.946518126235
2965.8161225273507
2975.6857269284665
2985.555331329524
2995.4249357305816
3005.294540131814
3015.164144532755
3025.033748933929
3034.9033533349284
3044.772957736044
3054.64256213716
3064.512166538276
3074.381770939275
3084.251375340449
3094.1209797415067
3103.9905841426807
3113.86018854368
3123.729792944796
3133.5993973458535
3143.4690017469693
3153.338606148027
3163.2082105491427
3173.0778149502003
3182.947419351316
3192.8170237523736
3202.6866281534894
3212.5562325546634
3222.4258369557792
3232.295441356604
3242.165045758011
3252.034650158719
3261.9042545602424
3271.7738589611836
3281.6434633621247
3291.5130677632987
3301.3826721643563
3311.2522765655303
3321.1218809664715
3330.991485367762
3340.8610897685867
3350.7306941699935
3360.6002985708183
3370.4699029721087
3380.3395073731663
3390.2091117741074
3400.078716175398
3409.9483205762226
3419.817924977513
3429.687529378454
3439.5571337797446
3449.4267381805694
3459.296342581976
3469.165946982801
3479.0355513840914
3488.905155785149
3498.77476018609
3508.6443645873806
3518.5139689882053
3528.383573389612
3538.2531777903205
3548.1227821917273
3557.9923865926685
3567.8619909938425
3577.7315953950165
3587.6011997958412
3597.470804197248
3607.3404085979564
3617.2100129993632
3627.079617400188
3636.949221801595
3646.818826202303
3656.6884306038264
3666.5580350045348
3676.427639405825
3686.297243806999
3696.166848207824
3706.0364526092308
3715.906057009939
3725.775661411346
3735.6452658121707
3745.5148702135775
3755.3844746144023
3765.2540790156927
3775.1236834165175
3784.9932878179243
3794.862892218982
3804.7324966198066
3814.602101021097
3824.471705422038
3834.3413098233286
3844.2109142241534
3854.080518625444
3863.950123026385
3873.8197274276754
3883.6893318285
3893.558936229907
3903.4285406309646
3913.2981450317893
3923.1677494330797
3933.037353834021
3942.9069582353113
3952.776562636136
3962.646167037543
3972.5157714382512
3982.385375839658
3992.254980240483
4002.1245846418897
4011.9941890429473
4021.863793443772
4031.733397845179
4041.603002245887
4051.472606647294
4061.3422110481188
4071.2118154495256
4081.081419850234
4090.951024251757
4100.820628652698
4110.6902330536395
4120.55983745493
4130.429441855638
4140.2990462571615
4150.16865065787
4160.038255059393
4169.9078594601015
4179.777463861392
4189.647068262333
4199.5166726636235
4209.3862770647975
4219.255881465506
4229.125485866913
4238.995090267737
4248.864694669028
4258.734299069969
4268.603903471259
4278.473507872084
4288.343112273491
4298.212716674199
4308.082321075606
4317.95192547678
4327.8215298774885
4337.691134278895
4347.56073867972
4357.430343081127
4367.299947481835
4377.169551883242
4387.039156284067
4396.908760685474
4406.778365086182
4416.647969487705
4426.517573888646
4436.387178289588
4446.256782690878
4456.126387091703
4465.995991492993
4475.865595893934
4485.735200295225
4495.6048046960495
4505.47440909734
4515.344013498281
4525.213617899572
4535.083222300746
4544.95282670157
4554.822431102861
4564.692035503453
4574.561639905209
4584.431244305801
4594.300848707324
4604.170453107916
4614.040057509439
4623.909661910264
4633.779266311554
4643.648870712612
4653.518475113437
4663.38807951496
4673.257683915552
4683.127288317075
4692.9968927179
4702.86649711919
4712.736101520015
4722.605705921305
4732.47531032213
4742.344914723653
4752.214519124711
4762.084123525303
4771.953727927059
4781.823332327418
4791.692936729174
4801.562541129766
4811.432145531289
4821.301749931881
4831.171354333404
4841.040958734462
4850.910563135287
4860.780167536577
4870.649771937402
4880.519376338925
4890.388980739517
4900.25858514104
4910.128189541865
4919.997793943156
4929.86739834398
4939.737002745271
4949.606607146561
4959.476211547153
4969.345815948676
4979.215420349268
4989.085024751024
4998.954629151383
5008.8242335531395
5018.693837953731
5028.563442355255
5038.433046755847
5048.30265115737
5058.172255558427
5068.041859959252
5077.911464360543
5087.781068761367
5097.650673162891
5107.5202775634825
5117.389881965006
5127.2594863658305
5137.129090767121
5146.998695167946
5156.868299569236
5166.7379039705265
5176.6075083711185
5186.477112772642
5196.346717173234
5206.21632157499
5216.085925975349
5225.955530377105
5235.825134777697
5245.69473917922
5255.564343579812
5265.433947981335
5275.303552382393
5285.173156783218
5295.042761184508
5304.912365585333
5314.781969986856
5324.651574387448
5334.521178788971
5344.390783189796
5354.260387591086
5364.129991992144
5373.999596392969
5383.869200794492
5393.738805195084
5403.608409596607
5413.478013997432
5423.347618398722
5433.217222799314
5443.08682720107
5452.956431601662
5462.826036003185
5472.695640404243
5482.565244804835
5492.434849206358
5502.304453607183
5512.174058008473
5522.043662409298
5531.913266810821
5541.782871211413
5551.6524756129365
5561.522080013761
5571.391684415052
5581.261288816342
5591.130893216701
5601.000497618457
5610.870102019049
5620.7397064205725
5630.609310821397
5640.478915222688
5650.348519623512
5660.218124024803
5670.087728425628
5679.957332827151
5689.826937228208
5699.6965416288
5709.566146030324
5719.435750431148
5729.305354832672
5739.174959233031
5749.044563634787
5758.914168035379
5768.783772436902
5778.653376837727
5788.522981239017
5798.3925856403075
5808.262190040899
5818.13179444219
5828.001398843015
5837.871003244538
5847.740607645363
5857.610212046653
5867.479816447478
5877.349420848768
5887.219025249593
5897.088629651116
5906.958234052174
5916.827838452766
5926.697442854522
5936.567047254881
5946.436651656637
5956.306256057229
5966.175860458519
5976.045464859577
5985.915069260867
5995.784673661459
6005.6542780629825
6015.523882464273
6025.393486864865
6035.263091266155
6045.132695667213
6055.002300068503
6064.871904469095
6074.741508870618
6084.611113271443
6094.480717672734
6104.350322074024
6114.219926474616
6124.089530876139
6133.959135276964
6143.828739678254
6153.698344078846
6163.567948480602
6173.437552881194
6183.3071572827175
6193.176761683309
6203.046366084833
6212.91597048589
6222.785574886715
6232.6551792880055
6242.52478368883
6252.3943880903535
6262.263992490945
6272.133596892469
6282.003201293061
6291.872805694817
6301.742410095176
6311.612014496932
6321.481618897989
6331.351223298581
6341.220827700105
6351.0904321006965
6360.96003650222
6370.8296409030445
6380.699245304335
6390.56884970516
6400.438454106683
6410.308058507275
6420.177662908798
6430.04726730939
6439.916871711146
6449.786476111971
6459.656080512796
6469.52568491362
6479.395289315842
6489.264893716201
6499.134498117026
6509.004102517851
6518.873706920538
6528.7433113204315
6538.612915721256
6548.482520123478
6558.3521245233715
6568.2217289251275
6578.091333325487
6587.960937727708
6597.8305421280675
6607.700146529358
6617.569750930183
6627.439355331939
6637.308959732298
6647.178564133588
6657.048168535344
6666.917772935703
6676.787377336528
6686.656981737819
6696.52658614004
6706.396190539934
6716.2657949407585
6726.135399342515
6736.005003743805
6745.87460814463
6755.7442125454545
6765.613816947211
6775.48342134757
6785.35302574886
6795.222630149685
6805.092234551907
6814.9618389518
6824.83144335309
6834.701047753915
6844.570652156137
6854.440256556496
6864.309860957321
6874.1794653595425
6884.049069759436
6893.918674160726
6903.788278561551
6913.657882963773
6923.527487364132
6933.397091764957
6943.266696166247
6953.136300568003
6963.005904968362
6972.875509369187
6982.745113771409
6992.614718171768
7002.484322572593
7012.353926973883
7022.223531375639
7032.093135775998
7041.962740176823
7051.832344579045
7061.701948979404
7071.571553380229
7081.441157781053
7091.310762183741
7101.1803665831685
7111.049970984925
7120.919575385749
7130.789179787505
7140.6587841878645
7150.528388589155
7160.397992990911
7170.26759739127
7180.137201792095
7190.006806193385
7199.876410595607
7209.7460149955
7219.615619396325
7229.485223797616
7239.354828199837
7249.224432599731
7259.094037001021
7268.963641403243
7278.833245803136
7288.702850203961
7298.572454605252
7308.442059007473
7318.311663407832
7328.1812678081915
7338.050872209948
7347.920476611704
7357.790081011597
7367.6596854128875
7377.529289815109
7387.398894215468
7397.268498615827
7407.1381030175835
7417.00770741934
7426.877311819233
7436.746916220523
7446.616520621814
7456.48612502357
7466.355729423929
7476.225333824754
7486.094938227441
7495.964542626869
7505.834147028159
7515.70375142945
7525.573355831206
7535.442960231565
7545.31256463239
7555.18216903368
7565.051773435902
7574.921377835795
7584.79098223662
7594.660586639307
7604.530191038735
7614.399795440491
7624.26939984085
7634.139004243538
7644.008608643431
7653.878213044722
7663.747817445546
7673.617421847768
7683.487026247662
7693.356630648952
7703.226235050708
7713.095839451067
7722.965443852358
7732.835048253182
7742.704652655404
7752.5742570552975
7762.443861456588
7772.313465857413
7782.183070259634
7792.0526746599935
7801.922279060818
7811.79188346304
7821.661487862933
7831.531092264224
7841.400696665049
7851.27030106727
7861.139905467629
7871.009509868454
7880.879114269279
7890.748718671966
7900.61832307186
7910.4879274726845
7920.357531874906
7930.227136275265
7940.09674067609
7949.966345076915
7959.835949479602
7969.70555387903
7979.575158280786
7989.444762681145
7999.314367083833
8009.183971483726
8019.0535758850165
8028.923180286773
8038.792784687132
8048.662389087956
8058.531993489247
8068.401597891469
8078.271202291362
8088.140806692187
8098.010411093477
8107.880015495699
8117.749619896058
8127.619224296417
8137.4888286991045
8147.358433098998
8157.228037499823
8167.097641901113
8176.9672463038005
8186.836850703228
8196.706455104053
8206.57605950674
8216.445663906634
8226.315268307924
8236.184872708749
8246.05447711097
8255.924081510864
8265.793685911689
8275.663290313445
8285.532894715201
8295.40249911556
8305.27210351592
8315.141707919072
8325.0113123185
8334.880916719325
8344.750521121081
8354.620125522837
8364.48972992273
8374.35933432402
8384.228938725311
8394.098543127067
8403.968147527426
8413.837751928251
8423.707356330939
8433.576960730366
8443.446565131657
8453.316169532482
8463.185773935169
8473.055378335062
8482.924982735887
8492.794587137178
8502.664191538934
8512.533795939293
8522.403400340583
8532.27300474234
8542.142609142698
8552.012213543523
8561.881817944814
8571.751422347035
8581.621026746929
8591.490631147753
8601.360235549044
8611.229839951266
8621.099444351159
8630.96904875245
8640.838653154671
8650.708257554565
8660.57786195539
8670.44746635668
8680.317070758902
8690.18667515926
8700.05627955962
8709.92588396091
8719.795488363598
8729.665092763025
8739.534697164316
8749.404301566537
8759.27390596643
8769.143510367721
8779.013114768546
8788.882719171233
8798.752323570661
8808.621927971952
8818.491532372776
8828.361136775464
8838.230741175357
8848.100345576182
8857.969949978404
8867.839554378763
8877.709158779588
8887.578763180412
8897.4483675831
8907.317971982528
8917.187576384284
8927.057180784643
8936.92678518733
8946.796389587224
8956.665993988514
8966.53559839027
8976.40520279063
8986.274807191454
8996.144411592744
9006.014015994966
9015.883620394394
9025.75322479615
9035.622829196975
9045.492433599196
9055.36203799909
9065.23164240038
9075.101246802602
9084.970851202495
9094.840455603786
9104.710060004145
9114.579664407298
9124.449268806726
9134.318873207085
9144.188477609307
9154.058082011528
9163.927686410956
9173.797290812247
9183.666895214468
9193.536499614827
9203.406104015186
9213.275708416477
9223.145312818699
9233.014917219058
9242.884521619417
9252.754126021639
9262.623730422929
9272.493334823288
9282.362939223647
9292.2325436268
9302.102148026228
9311.971752427518
9321.841356828809
9331.71096123103
9341.580565630458
9351.450170031749
9361.31977443304
9371.18937883526
9381.058983234689
9390.92858763691
9400.7981920382
9410.66779643856
9420.537400838919
9430.40700524114
9440.276609642431
9450.14621404279
9460.01581844408
9469.88542284444
9479.755027247593
9489.62463164702
9499.494236048311
9509.363840450533
9519.23344484996
9529.103049251251
9538.972653652541
9548.842258055694
9558.71186245419
9568.581466855481
9578.451071258634
9588.320675658062
9598.190280058421
9608.059884460643
9617.929488862865
9627.799093262292
9637.668697662652
9647.538302064873
9657.407906467095
9667.277510866523
9677.147115267813
9687.016719670035
9696.886324070394
9706.755928470753
9716.625532872044
9726.495137274265
9736.364741674624
9746.234346074983
9756.103950476274
9765.973554879427
9775.843159278855
9785.712763679214
9795.582368082367
9805.451972481795
9815.321576883085
9825.191181284375
9835.060785686597
9844.930390086025
9854.799994487315
9864.669598888606
9874.539203290828
9884.408807690255
9894.278412091546
9904.148016494699
9914.017620894127
9923.887225294486
9933.756829695776
9943.62643409893
9953.496038498357
9963.365642898716
9973.235247300938
9983.10485170316
9992.974456102587
10002.844060502946
10012.7136649061
10022.583269306459
10032.452873706818
10042.322478108108
10052.19208251033
10062.061686910689
10071.931291311048
10081.800895712338
10091.67050011456
10101.54010451492
10111.409708915278
10121.279313318431
10131.14891771786
10141.01852211915
10150.888126519509
10160.757730922662
10170.62733532209
10180.49693972338
10190.36654412467
10200.236148526892
10210.10575292632
10219.97535732761
10229.844961730763
10239.71456612926
10249.58417053055
10259.453774932772
10269.323379334062
10279.192983734421
10289.06258813478
10298.932192537002
10308.801796938293
10318.671401338652
10328.541005739942
10338.410610142164
10348.280214541592
10358.149818942882
10368.019423344173
10377.889027746394
10387.758632145822
10397.628236547112
10407.497840948403
10417.367445351556
10427.237049750052
10437.106654151343
10446.976258554496
10456.845862953924
10466.715467354283
10476.585071756504
10486.454676158726
10496.324280558154
10506.193884958513
10516.063489360735
10525.933093762957
10535.802698162384
10545.672302563675
10555.541906965896
10565.411511366256
10575.281115766615
10585.150720167905
10595.020324570127
10604.889928970486
10614.759533370845
10624.629137772135
10634.498742175288
10644.368346574716
10654.237950975075
10664.107555378228
10673.977159777656
10683.846764178947
10693.716368580237
10703.585972982459
10713.455577381887
10723.325181783177
10733.194786185399
10743.064390585758
10752.933994986117
10762.803599387407
10772.67320379056
10782.542808189988
10792.412412590347
10802.282016991638
10812.15162139479
10822.021225794218
10831.890830195509
10841.76043459773
10851.630038997158
10861.499643398449
10871.369247798808
10881.238852202892
10891.108456601389
10900.97806100268
10910.84766540397
10920.717269806191
10930.58687420655
10940.45647860691
10950.326083010063
10960.195687408559
10970.06529181078
10979.93489621114
10989.804500614293
10999.67410501372
11009.543709415011
11019.41331381537
11029.282918218523
11039.152522617951
11049.022127019241
11058.891731422395
11068.761335820891
11078.630940222181
11088.500544623472
11098.370149026625
11108.239753425121
11118.109357827343
11127.978962227702
11137.848566629924
11147.718171030283
11157.587775431573
11167.457379833795
11177.326984233223
11187.196588633582
11197.066193035804
11206.935797438025
11216.805401837453
11226.675006238744
11236.544610640034
11246.414215042256
11256.283819442615
11266.153423842974
11276.023028245196
11285.892632645555
11295.762237045914
11305.631841448136
11315.501445849426
11325.371050249785
11335.240654651076
11345.110259051435
11354.979863454588
11364.849467854016
11374.719072255306
11384.588676657528
11394.458281056955
11404.327885458246
11414.197489859536
11424.067094261758
11433.936698662117
11443.806303062476
11453.675907463767
11463.54551186692
11473.415116265416
11483.284720666707
11493.15432506986
11503.023929469287
11512.893533870578
11522.763138270937
11532.63274267409
11542.502347073518
11552.371951474808
11562.241555876099
11572.11116027832
11581.980764677748
11591.850369079039
11601.719973482192
11611.589577880688
11621.45918228291
11631.328786683269
11641.19839108549
11651.06799548585
11660.937599886209
11670.80720428843
11680.676808689721
11690.54641309008
11700.41601749137
11710.285621893592
11720.15522629302
11730.02483069431
11739.8944350956
11749.764039497823
11759.63364389725
11769.50324829854
11779.372852699831
11789.242457102984
11799.11206150148
11808.981665902771
11818.851270305924
11828.720874705352
11838.590479105711
11848.460083507933
11858.329687910154
11868.199292309582
11878.068896709941
11887.938501112163
11897.808105514385
11907.677709913813
11917.547314315103
11927.416918717325
11937.286523116753
11947.156127518974
11957.025731919333
11966.895336321555
11976.764940721914
11986.634545122273
11996.504149523564
12006.373753926717
12016.243358325213
12026.112962727435
12035.982567129657
12045.852171529084
12055.721775930375
12065.591380330734
12075.460984733887
12085.330589134246
12095.200193534605
12105.069797936827
12114.939402337186
12124.809006737545
12134.678611138836
12144.548215541989
12154.417819940485
12164.287424342707
12174.157028743066
12184.026633146219
12193.896237544715
12203.765841946937
12213.635446349159
12223.505050748587
12233.374655149877
12243.244259551167
12253.11386395339
12262.983468353748
12272.853072754107
12282.722677154467
12292.59228155855
12302.461885957047
12312.331490358338
12322.20109476149
12332.070699160919
12341.940303561278
12351.8099079635
12361.679512365721
12371.549116765149
12381.418721165508
12391.28832556773
12401.157929969952
12411.02753436938
12420.89713877067
12430.766743172891
12440.63634757232
12450.505951974541
12460.3755563749
12470.245160777122
12480.11476517748
12489.98436957784
12499.85397397913
12509.723578382283
12519.59318278078
12529.462787183002
12539.332391585223
12549.201995984651
12559.071600385942
12568.9412047863
12578.810809189454
12588.680413589813
12598.55001798924
12608.419622391462
12618.289226794615
12628.158831193112
12638.028435594402
12647.898039997555
12657.767644396052
12667.637248798274
12677.506853198633
12687.376457601786
12697.246062000282
12707.115666402504
12716.985270802863
12726.854875206016
12736.724479605444
12746.594084006734
12756.463688408956
12766.333292808384
12776.202897209674
12786.072501610965
12795.942106014118
12805.811710412614
12815.681314813904
12825.550919215195
12835.420523618348
12845.290128016844
12855.159732418135
12865.029336821288
12874.898941222578
12884.768545622006
12894.638150021434
12904.50775442645
12914.377358822152
12924.24696322903
12934.116567628458
12943.986172026023
12953.855776431039
12963.72538083233
12973.594985229895
12983.46458963491
12993.334194034338
13003.203798433766
13013.073402836919
13022.943007234484
13032.812611641362
13042.68221604079
13052.551820438355
13062.421424843371
13072.291029242799
13082.160633642226
13092.03023804538
13101.899842448533
13111.769446844235
13121.63905124925
13131.508655648679
13141.378260051832
13151.24786445126
13161.117468850687
13170.987073255703
13180.85667765513
13190.726282054558
13200.595886457711
13210.465490860865
13220.335095256567
13230.204699661583
13240.074304059148
13249.9439084623
13259.813512865454
13269.683117263019
13279.552721666172
13289.422326069325
13299.291930465028
13309.161534870043
13319.031139271334
13328.900743668899
13338.770348073915
13348.63995247148
13358.509556874633
13368.379161277786
13378.248765673488
13388.118370078504
13397.987974481657
13407.85757887736
13417.727183282375
13427.596787683666
13437.466392079368
13447.335996486247
13457.205600883812
13467.075205286965
13476.944809688255
13486.814414087683
13496.684018490836
13506.553622892126
13516.423227289692
13526.292831692845
13536.162436095998
13546.032040493563
13555.901644896716
13565.771249294281
13575.64085370116
13585.510458100587
13595.380062498152
13605.249666903168
13615.119271304458
13624.98887570016
13634.85848010704
13644.72808450833
13654.597688904032
13664.467293309048
13674.336897706613
13684.206502111629
13694.076106512919
13703.945710910484
13713.8153153155
13723.68491971679
13733.554524112493
13743.424128517509
13753.293732920662
13763.163337316364
13773.03294172138
13782.902546118945
13792.77215052396
13802.641754925251
13812.511359320953
13822.380963727832
13832.25056812726
13842.120172526687
13851.98977692984
13861.85938133113
13871.728985728696
13881.598590133712
13891.468194531277
13901.33779893443
13911.207403337583
13921.077007733285
13930.946612140164
13940.816216539592
13950.685820937157
13960.555425342172
13970.425029743463
13980.294634141028
13990.164238546044
14000.033842947334
14009.903447343037
14019.773051748052
14029.64265614748
14039.512260550633
14049.381864951923
